1010101010101001001010010101010101010101010010010100101010101010101010100100101001010101010101010101001001010010101010101010101010010010100101010
1010101010101001001010010101010101010101010010010100101010101010101010100100101001010101010101010101001001010010101010101010101010010010100101010
1010101010101001001010010101010101010101010010010100101010101010101010100100101001010101010101010101001001010010101010101010101010010010100101010
1010101010101001001010010101010101010101010010010100101010101010101010100100101001010101010101010101001001010010101010101010101010010010100101010
1010101010101001001010010101010101010101010010010100101010101010101010100100101001010101010101010101001001010010101010101010101010010010100101010
1010101010101001001010010101010101010101010010010100101010101010101010100100101001010101010101010101001001010010101010101010101010010010100101010
1010101010101001001010010101010101010101010010010100101010101010101010100100101001010101010101010101001001010010101010101010101010010010100101010
1010101010101001001010010101010101010101010010010100101010101010101010100100101001010101010101010101001001010010101010101010101010010010100101010
1010101010101001001010010101010101010101010010010100101010101010101010100100101001010101010101010101001001010010101010101010101010010010100101010
1010101010101001001010010101010101010101010010010100101010101010101010100100101001010101010101010101001001010010101010101010101010010010100101010
1010101010101001001010010101010101010101010010010100101010101010101010100100101001010101010101010101001001010010101010101010101010010010100101010
1010101010101001001010010101010101010101010010010100101010101010101010100100101001010101010101010101001001010010101010101010101010010010100101010
1010101010101001001010010101010101010101010010010100101010101010101010100100101001010101010101010101001001010010101010101010101010010010100101010
1010101010101001001010010101010101010101010010010100101010101010101010100100101001010101010101010101001001010010101010101010101010010010100101010
1010101010101001001010010101010101010101010010010100101010101010101010100100101001010101010101010101001001010010101010101010101010010010100101010
1010101010101001001010010101010101010101010010010100101010101010101010100100101001010101010101010101001001010010101010101010101010010010100101010
1010101010101001001010010101010101010101010010010100101010101010101010100100101001010101010101010101001001010010101010101010101010010010100101010
1010101010101001001010010101010101010101010010010100101010101010101010100100101001010101010101010101001001010010101010101010101010010010100101010
1010101010101001001010010101010101010101010010010100101010101010101010100100101001010101010101010101001001010010101010101010101010010010100101010
1010101010101001001010010101010101010101010010010100101010101010101010100100101001010101010101010101001001010010101010101010101010010010100101010
1010101010101001001010010101010101010101010010010100101010101010101010100100101001010101010101010101001001010010101010101010101010010010100101010
1010101010101001001010010101010101010101010010010100101010101010101010100100101001010101010101010101001001010010101010101010101010010010100101010
1010101010101001001010010101010101010101010010010100101010101010101010100100101001010101010101010101001001010010101010101010101010010010100101010
1010101010101001001010010101010101010101010010010100101010101010101010100100101001010101010101010101001001010010101010101010101010010010100101010
1010101010101001001010010101010101010101010010010100101010101010101010100100101001010101010101010101001001010010101010101010101010010010100101010
1010101010101001001010010101010101010101010010010100101010101010101010100100101001010101010101010101001001010010101010101010101010010010100101010
1010101010101001001010010101010101010101010010010100101010101010101010100100101001010101010101010101001001010010101010101010101010010010100101010
1010101010101001001010010101010101010101010010010100101010101010101010100100101001010101010101010101001001010010101010101010101010010010100101010
1010101010101001001010010101010101010101010010010100101010101010101010100100101001010101010101010101001001010010101010101010101010010010100101010
1010101010101001001010010101010101010101010010010100101010101010101010100100101001010101010101010101001001010010101010101010101010010010100101010
1010101010101001001010010101010101010101010010010100101010101010101010100100101001010101010101010101001001010010101010101010101010010010100101010
1010101010101001001010010101010101010101010010010100101010101010101010100100101001010101010101010101001001010010101010101010101010010010100101010
1010101010101001001010010101010101010101010010010100101010101010101010100100101001010101010101010101001001010010101010101010101010010010100101010
